cargo;numero;sq;nome;nome_urna;partido;situacao;genero;ocupacao;foto
Deputado Estadual;10000;60001608819;LUIZ HENRIQUE CASTELO LIMA;APÓSTOLO LUIZ HENRIQUE;REPUBLICANOS;ELEITO POR MÉDIA;MASCULINO;SACERDOTE OU MEMBRO DE ORDEM OU SEITA RELIGIOSA;60001608819.jpg
Deputado Estadual;10022;60001608817;DJONES FAGNER DE LIMA MENEZES;SARGENTO MENEZES;REPUBLICANOS;SUPLENTE;MASCULINO;POLICIAL MILITAR;60001608817.jpg
Deputado Estadual;10123;60001608816;DAVID DE ALBUQUERQUE DURAND;DAVID DURAND;REPUBLICANOS;ELEITO POR QP;MASCULINO;DEPUTADO;60001608816.jpg
Deputado Estadual;10444;60001608831;RUBENILDO CADEIRA DE OLIVEIRA;RUBENILDO CADEIRA;REPUBLICANOS;SUPLENTE;MASCULINO;SERVIDOR PÚBLICO MUNICIPAL;60001608831.jpg
Deputado Estadual;11111;60001619179;JOSE JACOME CARNEIRO ALBUQUERQUE;ZEZINHO ALBUQUERQUE;PP;ELEITO POR QP;MASCULINO;DEPUTADO;60001619179.jpg
Deputado Estadual;11123;60001619174;FRANCISCO ROSÁLIO LOPES DANIEL;ROSÁLIO DANIEL;PP;SUPLENTE;MASCULINO;LOCUTOR E COMENTARISTA DE RÁDIO E TELEVISÃO E RADIALISTA;60001619174.jpg
Deputado Estadual;11777;60001619182;ANTONIO SERGIO FREITAS RODRIGUES;SÉRGIO FREITAS;PP;SUPLENTE;MASCULINO;ADMINISTRADOR;60001619182.jpg
Deputado Estadual;12000;60001603535;EVANDRO SÁ BARRETO LEITÃO;EVANDRO LEITÃO;PDT;ELEITO POR QP;MASCULINO;DEPUTADO;60001603535.jpeg
Deputado Estadual;12111;60001603547;ANTONIO HENRIQUE DA SILVA;ANTONIO HENRIQUE;PDT;ELEITO POR QP;MASCULINO;VEREADOR;60001603547.jpeg
Deputado Estadual;12112;60001603524;VANESSA BEZERRA VENANCIO;VANESSA VENÂNCIO;PDT;SUPLENTE;FEMININO;ADVOGADO;60001603524.jpeg
Deputado Estadual;12114;60001603525;GUILHERME SAMPAIO LANDIM;GUILHERME LANDIM;PDT;ELEITO POR QP;MASCULINO;MÉDICO;60001603525.jpg
Deputado Estadual;12144;60001603538;GUILHERME BISMARCK;GUILHERME BISMARCK;PDT;SUPLENTE;MASCULINO;EMPRESÁRIO;60001603538.jpg
Deputado Estadual;12222;60001603520;FRANCISCO OSMAR DIÓGENES BAQUIT;OSMAR BAQUIT;PDT;ELEITO POR QP;MASCULINO;DEPUTADO;60001603520.jpeg
Deputado Estadual;12333;60001603545;MARCOS MARCEL RODRIGUES SOBREIRA;MARCOS SOBREIRA;PDT;ELEITO POR QP;MASCULINO;ADVOGADO;60001603545.jpg
Deputado Estadual;12344;60001603544;JANE RUTH CHAVES NASCIMENTO VIANA;JANNE RUTH;PDT;SUPLENTE;FEMININO;PRODUTOR DE ESPETÁCULOS PÚBLICOS;60001603544.jpeg
Deputado Estadual;12345;60001603543;LIA FERREIRA GOMES;LIA GOMES;PDT;ELEITO POR QP;FEMININO;MÉDICO;60001603543.jpeg
Deputado Estadual;12444;60001603522;JOSÉ JEOVÁ SOUTO MOTA;JEOVÁ MOTA;PDT;ELEITO POR QP;MASCULINO;DEPUTADO;60001603522.jpg
Deputado Estadual;12555;60001603523;ORIEL GUIMARAES NUNES FILHO;ORIEL FILHO;PDT;ELEITO POR MÉDIA;MASCULINO;FISIOTERAPEUTA E TERAPEUTA OCUPACIONAL;60001603523.jpeg
Deputado Estadual;12600;60001603539;AGOSTINHO FREDERICO TIN CARMO GOMES;TIN GOMES;PDT;SUPLENTE;MASCULINO;DEPUTADO;60001603539.jpeg
Deputado Estadual;12777;60001603515;LEDA DA SILVA LIMA;LEDA LIMA;PDT;SUPLENTE;FEMININO;EMPRESÁRIO;60001603515.jpeg
Deputado Estadual;12999;60001603532;BRUNO TORQUATO PEDROSA;BRUNO PEDROSA;PDT;SUPLENTE;MASCULINO;ADVOGADO;60001603532.jpeg
Deputado Estadual;13111;60001633676;PEDRO NETO LOBO SOARES;PEDRO LOBO;PT;SUPLENTE;MASCULINO;DEPUTADO;60001633676.jpg
Deputado Estadual;13123;60001633648;MANOEL MISSIAS BEZERRA;MISSIAS DO MST;PT;ELEITO POR QP;MASCULINO;AGRICULTOR;60001633648.jpg
Deputado Estadual;13131;60001633660;MARIANA VIEIRA LACERDA;MARI LACERDA;PT;SUPLENTE;FEMININO;ESTUDANTE, BOLSISTA, ESTAGIÁRIO E ASSEMELHADOS;60001633660.jpeg
Deputado Estadual;13132;60001633668;JOSE ACRISIO DE SENA;ACRISIO SENA;PT;SUPLENTE;MASCULINO;DEPUTADO;60001633668.jpeg
Deputado Estadual;13222;60001633655;FERNANDO MATOS SANTANA;FERNANDO SANTANA;PT;ELEITO POR QP;MASCULINO;DEPUTADO;60001633655.jpeg
Deputado Estadual;13234;60001633635;GUILHERME DE FIGUEIREDO SAMPAIO;GUILHERME SAMPAIO;PT;SUPLENTE;MASCULINO;VEREADOR;60001633635.jpeg
Deputado Estadual;13333;60001633642;MOISES BRAZ RICARDO;MOISES BRAZ;PT;ELEITO POR QP;MASCULINO;DEPUTADO;60001633642.jpeg
Deputado Estadual;13444;60001633674;FRANCISCO JUAREZ CRUZ DE VASCONCELOS FILHO;DR. JUAREZ VASCONCELOS;PT;SUPLENTE;MASCULINO;MÉDICO;60001633674.jpg
Deputado Estadual;13456;60001633671;FRANCISCO DE ASSIS DINIZ;DE ASSIS DINIZ;PT;ELEITO POR QP;MASCULINO;OUTROS;60001633671.jpg
Deputado Estadual;13513;60001633673;EUSEBIO FERREIRA DA SILVA;EUSÉBIO FERREIRA;PT;SUPLENTE;MASCULINO;EMPRESÁRIO;60001633673.jpg
Deputado Estadual;13555;60001633675;JULIANA DE HOLANDA LUCENA RODRIGUES;JULIANA LUCENA;PT;ELEITO POR QP;FEMININO;ADVOGADO;60001633675.jpeg
Deputado Estadual;13777;60001633657;ANTONIO VALDENIZO DA COSTA;NIZO;PT;SUPLENTE;MASCULINO;DEPUTADO;60001633657.jpg
Deputado Estadual;14111;60001668696;AUGUSTO LÚCIO DE FREITAS;AUGUSTO PIRABIBU;PTB;NÃO ELEITO;MASCULINO;HISTORIADOR;60001668696.jpeg
Deputado Estadual;14357;60001668705;PAULO ERICKSON XAVIER RODRIGUES;CABO ERICKSON;PTB;NÃO ELEITO;MASCULINO;POLICIAL MILITAR;60001668705.jpeg
Deputado Estadual;14444;60001668694;RENATA DE SOUSA SAMPAIO;RENATA SAMPAIO;PTB;NÃO ELEITO;FEMININO;OUTROS;60001668694.jpeg
Deputado Estadual;15111;60001635793;RAIMUNDO ANTONIO DE SOUZA;RAIR DE SOUZA;MDB;SUPLENTE;MASCULINO;EMPRESÁRIO;60001635793.jpeg
Deputado Estadual;15120;60001635816;JACQUELINE FERREIRA GOUVEIA;JACQUELINE GOUVEIA;MDB;SUPLENTE;FEMININO;VEREADOR;60001635816.jpg
Deputado Estadual;15123;60001635804;AUDIC CAVALCANTE MOTA DIAS;AUDIC MOTA;MDB;SUPLENTE;MASCULINO;DEPUTADO;60001635804.jpeg
Deputado Estadual;15151;60001635807;LEONARDO ARAÚJO DE SOUZA;LEONARDO ARAÚJO;MDB;SUPLENTE;MASCULINO;DEPUTADO;60001635807.jpg
Deputado Estadual;15222;60001635812;DAVID NEY GONÇALVES DE MACÊDO;DAVI DE RAIMUNDÃO;MDB;ELEITO POR QP;MASCULINO;DEPUTADO;60001635812.jpg
Deputado Estadual;15331;60001635791;CLAUDIA HELENA JORGE DE LIMA LEITE;CLAUDIA HELENA;MDB;SUPLENTE;FEMININO;CIENTISTA POLÍTICO;60001635791.jpeg
Deputado Estadual;15333;60001635805;DANNIEL LOPES DE OLIVEIRA SOUSA;DANNIEL OLIVEIRA;MDB;ELEITO POR QP;MASCULINO;DEPUTADO;60001635805.jpeg
Deputado Estadual;15757;60001635813;JOSÉ BEZERRA FEITOSA JUNIOR;JUNIOR FEITOSA;MDB;SUPLENTE;MASCULINO;EMPRESÁRIO;60001635813.jpg
Deputado Estadual;15777;60001635800;SABRINA MILANE VERAS CAMPOS;SABRINA VERAS;MDB;SUPLENTE;FEMININO;ADVOGADO;60001635800.jpg
Deputado Estadual;15888;60001635809;AGENOR GOMES DE ARAUJO NETO;AGENOR NETO;MDB;ELEITO POR QP;MASCULINO;DEPUTADO;60001635809.jpg
Deputado Estadual;22000;60001633820;EDMAR FERNANDES DE ARAÚJO FILHO;DR EDMAR FERNADES;PL;SUPLENTE;MASCULINO;MÉDICO;60001633820.jpg
Deputado Estadual;22001;60001633810;FRANCISCO JOSÉ OLIVEIRA SIQUEIRA;TENENTE SIQUEIRA;PL;SUPLENTE;MASCULINO;MILITAR REFORMADO;60001633810.jpg
Deputado Estadual;22015;60001633797;RAIMUNDO SILVA DO NASCIMENTO;SARGENTO SILVA;PL;SUPLENTE;MASCULINO;POLICIAL MILITAR;60001633797.jpg
Deputado Estadual;22022;60001633791;CARMELO SILVEIRA CARNEIRO LEÃO NETO;CARMELO NETO;PL;ELEITO POR QP;MASCULINO;VEREADOR;60001633791.jpg
Deputado Estadual;22111;60001633805;PEDRO VICTOR COLARES GOMES DE MATOS;PEDRO MATOS;PL;SUPLENTE;MASCULINO;ADVOGADO;60001633805.jpg
Deputado Estadual;22222;60001633829;ALCIDES FERNANDES DA SILVA;PR.ALCIDES FERNANDES;PL;ELEITO POR QP;MASCULINO;SACERDOTE OU MEMBRO DE ORDEM OU SEITA RELIGIOSA;60001633829.jpg
Deputado Estadual;22322;60001633803;JOLNÊ BINDA PRAXEDES;PRAXEDES;PL;SUPLENTE;MASCULINO;CORRETOR DE IMÓVEIS, SEGUROS, TÍTULOS E VALORES;60001633803.jpg
Deputado Estadual;22380;60001633792;EDUARDO CÉSAR BEZERRA DIÓGENES;DUDU DIÓGENES;PL;SUPLENTE;MASCULINO;EMPRESÁRIO;60001633792.jpg
Deputado Estadual;22777;60001633828;SILVANA OLIVEIRA DE SOUSA;DRA SILVANA;PL;ELEITO POR QP;FEMININO;MÉDICO;60001633828.jpg
Deputado Estadual;23123;60001723725;LUANA RÉGIA DE FREITAS LIMA;LUANA RIBEIRO;CIDADANIA;ELEITO POR QP;FEMININO;EMPRESÁRIO;60001723725.jpeg
Deputado Estadual;23190;60001723719;JOSÉ DE ARAUJO DANTAS FILHO;TENENTE DANTAS;CIDADANIA;SUPLENTE;MASCULINO;POLICIAL MILITAR;60001723719.jpeg
Deputado Estadual;23192;60001723716;MARTA BRANDÃO DA SILVA;MARTINHA - A SAÚDE RESISTE;CIDADANIA;SUPLENTE;FEMININO;ASSISTENTE SOCIAL;60001723716.jpeg
Deputado Estadual;23333;60001723726;FRANCISCO LEITÃO MOURA;DOUTOR LEITÃO;CIDADANIA;SUPLENTE;MASCULINO;PROFESSOR DE ENSINO SUPERIOR;60001723726.jpeg
Deputado Estadual;30000;60001595309;ISAQUE FARIAS RABELO;DR. ISAQUE RABELO;NOVO;NÃO ELEITO;MASCULINO;ODONTÓLOGO;60001595309.jpeg
Deputado Estadual;33123;60001646070;JOSÉ ALCY PINHEIRO NETO;ALCY PINHEIRO;PMN;SUPLENTE;MASCULINO;ADVOGADO;60001646070.jpg
Deputado Estadual;33193;60001646045;JOÃO BATISTA GOMES DA SILVA;DR JOÃO BATISTA;PMN;SUPLENTE;MASCULINO;MÉDICO;60001646045.jpg
Deputado Estadual;33200;60001646059;JOSIVAN ALVES DO NASCIMENTO;JOSIVAN CLUBE;PMN;SUPLENTE;MASCULINO;EMPRESÁRIO;60001646059.jpg
Deputado Estadual;33225;60001646044;HILDA MACAMBIRA ABREU;TIA HILDA MACAMBIRA;PMN;SUPLENTE;FEMININO;OUTROS;60001646044.jpg
Deputado Estadual;33300;60001646078;MIRISLANDIA SALMITO CAMPOS;MIRIS SALMITO;PMN;SUPLENTE;FEMININO;OUTROS;60001646078.jpg
Deputado Estadual;33777;60001646053;FRANCISCO FLÁVIO SANTOS NASCIMENTO;PASTOR FLÁVIO SANTOS;PMN;SUPLENTE;MASCULINO;OUTROS;60001646053.jpg
Deputado Estadual;33888;60001646046;THIAGO CAMILO CIRIACO;THIAGO CIRIACO;PMN;SUPLENTE;MASCULINO;EMPRESÁRIO;60001646046.jpg
Deputado Estadual;40455;60001603496;JOSÉ DE SOUSA CARTAXO;CARTAXO;PSB;NÃO ELEITO;MASCULINO;OUTROS;60001603496.jpeg
Deputado Estadual;43777;60001633636;FRANCISCO HELDER DE SOUZA PAZ;FRANCISCO HELDER;PV;SUPLENTE;MASCULINO;SERVIDOR PÚBLICO MUNICIPAL;60001633636.jpeg
Deputado Estadual;44027;60001608922;JOSÉ CAVALCANTE CARDOSO NETO;PROFESSOR CARDOSO NETO;UNIÃO;SUPLENTE;MASCULINO;ADVOGADO;60001608922.jpeg
Deputado Estadual;44111;60001608946;FELIPE AGUIAR FONSECA DA MOTA;FELIPE MOTA;UNIÃO;ELEITO POR MÉDIA;MASCULINO;EMPRESÁRIO;60001608946.jpg
Deputado Estadual;44123;60001608911;FRANCISCO ANTONIO BRITO MONÇÃO;TONY BRITO;UNIÃO;SUPLENTE;MASCULINO;DEPUTADO;60001608911.jpeg
Deputado Estadual;44190;60001608935;REGINAURO SOUSA NASCIMENTO;SARGENTO REGINAURO;UNIÃO;ELEITO POR QP;MASCULINO;VEREADOR;60001608935.jpeg
Deputado Estadual;44333;60001608921;HEITOR CORREIA FÉRRER;HEITOR FÉRRER;UNIÃO;SUPLENTE;MASCULINO;MÉDICO;60001608921.jpeg
Deputado Estadual;44441;60001608920;GILBERTO MOREIRA DA PAZ FILHO;GILBERTO DE GRANJA;UNIÃO;SUPLENTE;MASCULINO;ELETRICISTA E ASSEMELHADOS;60001608920.jpeg
Deputado Estadual;44444;60001608923;ENEAS CAMPOS GOES;ENEAS GOES;UNIÃO;SUPLENTE;MASCULINO;EMPRESÁRIO;60001608923.jpeg
Deputado Estadual;44456;60001608939;RICARDO CÉLIO CHAGAS BEZERRA;CORONEL BEZERRA;UNIÃO;SUPLENTE;MASCULINO;MILITAR REFORMADO;60001608939.jpeg
Deputado Estadual;44555;60001608941;ALOÍSIO ANTÔNIO GOMES DE MATOS BRASIL;DR. ALOÍSIO;UNIÃO;SUPLENTE;MASCULINO;MÉDICO;60001608941.jpeg
Deputado Estadual;44556;60001608932;PRISCILA LINHARES ROCHA;PRISCILA ROCHA;UNIÃO;SUPLENTE;FEMININO;FONOAUDIÓLOGO;60001608932.jpeg
Deputado Estadual;44567;60001608908;MAGNOLIA DE SOUSA ROCHA;MAGNOLIA ROCHA;UNIÃO;NÃO ELEITO;FEMININO;ASSISTENTE SOCIAL;60001608908.jpeg
Deputado Estadual;44777;60001608940;JOSÉ FIRMO CAMURÇA NETO;FIRMO CAMURÇA;UNIÃO;ELEITO POR QP;MASCULINO;ADVOGADO;60001608940.jpeg
Deputado Estadual;44900;60001608919;JUCELINE MARIA GOMES DE CASTRO;JÚ DA HOBBY CENTER;UNIÃO;SUPLENTE;FEMININO;COMERCIANTE;60001608919.jpeg
Deputado Estadual;45000;60001723714;JORGE LUIZ CAVALCANTE DE BRITO PINHEIRO;JORGE PINHEIRO;PSDB;SUPLENTE;MASCULINO;VEREADOR;60001723714.jpeg
Deputado Estadual;45300;60001723723;JOSÉ ERIVALDO XAVIER TRAVASSOS;CÔNSUL DO POVO;PSDB;SUPLENTE;MASCULINO;VEREADOR;60001723723.jpg
Deputado Estadual;45333;60001723724;DIEGO BARRETO MOREIRA;DIEGO BARRETO;PSDB;SUPLENTE;MASCULINO;SERVIDOR PÚBLICO ESTADUAL;60001723724.jpg
Deputado Estadual;45413;60001723728;ORTUAM FIDELES DE ALBUQUERQUE;ORTUAM FIDELES;PSDB;SUPLENTE;MASCULINO;ADMINISTRADOR;60001723728.jpeg
Deputado Estadual;45555;60001723720;ANTONIO VIANEY SANTIAGO DA COSTA;VIANEY DO VALE;PSDB;SUPLENTE;MASCULINO;EMPRESÁRIO;60001723720.jpeg
Deputado Estadual;45999;60001723731;RAIMUNDO NONATO FERREIRA ARAGÃO;FERREIRA ARAGÃO;PSDB;SUPLENTE;MASCULINO;ADVOGADO;60001723731.jpeg
Deputado Estadual;50444;60001613095;ZULEIDE FERNANDES DE QUEIROZ;ZULEIDE QUEIROZ;PSOL;SUPLENTE;FEMININO;PROFESSOR DE ENSINO SUPERIOR;60001613095.jpg
Deputado Estadual;50500;60001613104;RENATO ROSENO DE OLIVEIRA;RENATO ROSENO;PSOL;ELEITO POR QP;MASCULINO;DEPUTADO;60001613104.jpg
Deputado Estadual;50555;60001613086;ANTONIO INACIO DE OLIVEIRA JUNIOR;INACIO OLIVEIRA;PSOL;SUPLENTE;MASCULINO;OUTROS;60001613086.jpg
Deputado Estadual;55055;60001613542;RODRIGO WAGNER BEZERRA PINHEIRO;DR RODRIGO WAGNER;PSD;SUPLENTE;MASCULINO;ADVOGADO;60001613542.jpg
Deputado Estadual;55100;60001613524;EWERTON VINICIUS SANTOS DUARTE;VINICIUS DUARTE;PSD;SUPLENTE;MASCULINO;ESTUDANTE, BOLSISTA, ESTAGIÁRIO E ASSEMELHADOS;60001613524.jpg
Deputado Estadual;55111;60001613532;HENRIQUE SÁVIO PEREIRA PONTES;SÁVIO PONTES;PSD;SUPLENTE;MASCULINO;EMPRESÁRIO;60001613532.jpg
Deputado Estadual;55123;60001613539;FRANCISCO JOSE SAMPAIO LEITE;KIKO SAMPAIO;PSD;SUPLENTE;MASCULINO;EMPRESÁRIO;60001613539.jpeg
Deputado Estadual;55333;60001613526;SIMÃO PEDRO ALVES PEQUENO;SIMÃO PEDRO;PSD;SUPLENTE;MASCULINO;ADMINISTRADOR;60001613526.jpg
Deputado Estadual;55555;60001613538;GABRIELLA PEQUENO COSTA GOMES DE AGUIAR;GABRIELLA AGUIAR;PSD;ELEITO POR QP;FEMININO;MÉDICO;60001613538.jpg
Deputado Estadual;55888;60001613534;KEIVILANNY DIAS MOURA GONÇALVES;KEIVIA DIAS;PSD;SUPLENTE;FEMININO;EMPRESÁRIO;60001613534.jpg
Deputado Estadual;65013;60001633644;ANÍZIO SANTOS DE MELO;PROFESSOR ANÍZIO;PC do B;SUPLENTE;MASCULINO;PROFESSOR DE ENSINO MÉDIO;60001633644.jpg
Deputado Estadual;65123;60001633645;LUCAS GONÇALVES BRASIL;LUCAS BRASIL;PC do B;SUPLENTE;MASCULINO;VEREADOR;60001633645.jpg
Deputado Estadual;65234;60001633664;JULIANA ALVES;CACIKA IRÊ;PC do B;SUPLENTE;FEMININO;PROFESSOR DE ENSINO FUNDAMENTAL;60001633664.jpg
Deputado Estadual;70000;60001634415;FRANCISCO TANCREDO DE OLIVEIRA;TAM DE OLIVEIRA;AVANTE;SUPLENTE;MASCULINO;COMERCIANTE;60001634415.jpeg
Deputado Estadual;70007;60001634412;DANILO LOPES FERREIRA LIMA;DANILO LOPES;AVANTE;SUPLENTE;MASCULINO;VEREADOR;60001634412.jpeg
Deputado Estadual;70070;60001634425;ALBERTO LIMA DA SILVA;ALBERTO LIMA;AVANTE;SUPLENTE;MASCULINO;POLICIAL MILITAR;60001634425.jpg
Deputado Estadual;70123;60001634409;TOMAZ HOLANDA DE LIMA;TOMAZ HOLANDA;AVANTE;SUPLENTE;MASCULINO;EMPRESÁRIO;60001634409.jpg
Deputado Estadual;70321;60001634405;DANIEL BORGES DA SILVA;DANIEL BORGES;AVANTE;SUPLENTE;MASCULINO;VIGILANTE;60001634405.jpg
Deputado Estadual;70670;60001634396;LUZIA MARIA DOS SANTOS;LUZIA SANTOS;AVANTE;SUPLENTE;FEMININO;OUTROS;60001634396.jpg
Deputado Federal;1010;60001608853;RONALDO MANCHADO MARTINS;RONALDO MARTINS;REPUBLICANOS;NÃO ELEITO;MASCULINO;VEREADOR;60001608853.jpg
Deputado Federal;1090;60001608864;FRANCISCO WAGNER LOBO PEREIRA;PROF WAGNER LOBO;REPUBLICANOS;NÃO ELEITO;MASCULINO;SERVIDOR PÚBLICO ESTADUAL;60001608864.jpg
Deputado Federal;1100;60001619160;RAFAEL AURELIANO GONÇALVES BRANCO;RAFAEL BRANCO;PP;SUPLENTE;MASCULINO;DEPUTADO;60001619160.jpg
Deputado Federal;1111;60001619170;ANTONIO JOSÉ AGUIAR ALBUQUERQUE;AJ ALBUQUERQUE;PP;ELEITO POR MÉDIA;MASCULINO;DEPUTADO;60001619170.jpg
Deputado Federal;1112;60001619173;RAIMUNDO GOMES FARIAS;GOMES FARIAS;PP;SUPLENTE;MASCULINO;LOCUTOR E COMENTARISTA DE RÁDIO E TELEVISÃO E RADIALISTA;60001619173.jpg
Deputado Federal;1113;60001619159;ELINETE TORRES DA SILVA;ELINETE TORRES;PP;SUPLENTE;FEMININO;CORRETOR DE IMÓVEIS, SEGUROS, TÍTULOS E VALORES;60001619159.jpg
Deputado Federal;1122;60001619161;PEDRO SÉRGIO TEIXEIRA DANTAS;SÉRGIO DANTAS;PP;SUPLENTE;MASCULINO;EMPRESÁRIO;60001619161.jpg
Deputado Federal;1123;60001619165;JOSÉ TARSO MAGNO TEIXEIRA DA SILVA;TARSO MAGNO;PP;SUPLENTE;MASCULINO;ADVOGADO;60001619165.jpeg
Deputado Federal;1133;60001619167;XISTO SOARES DE OLIVEIRA;XISTO;PP;SUPLENTE;MASCULINO;SERVIDOR PÚBLICO ESTADUAL;60001619167.jpg
Deputado Federal;1155;60001619163;THIAGO ARAGÃO ESMERALDO;THIAGO ESMERALDO;PP;SUPLENTE;MASCULINO;ODONTÓLOGO;60001619163.jpg
Deputado Federal;1188;60001619168;LUHANNA URYA MACIEL BEZERRA;LUHANNA URYA;PP;SUPLENTE;FEMININO;ADVOGADO;60001619168.jpg
Deputado Federal;1201;60001603476;JULIO BRIZZI NETO;JULIO BRIZZI;PDT;SUPLENTE;MASCULINO;VEREADOR;60001603476.jpg
Deputado Federal;1212;60001603475;JOSÉ LEÔNIDAS DE MENEZES CRISTINO;LEÔNIDAS CRISTINO;PDT;SUPLENTE;MASCULINO;ENGENHEIRO;60001603475.jpg
Deputado Federal;1213;60001603469;ANTONIO IDILVAN DE LIMA ALENCAR;IDILVAN;PDT;ELEITO POR QP;MASCULINO;DEPUTADO;60001603469.jpg
Deputado Federal;1214;60001603472;EDUARDO HENRIQUE MAIA BISMARCK;EDUARDO BISMARCK;PDT;ELEITO POR MÉDIA;MASCULINO;ADVOGADO;60001603472.jpg
Deputado Federal;1221;60001603470;CARLOS MAURO BENEVIDES FILHO;MAURO FILHO;PDT;ELEITO POR QP;MASCULINO;PROFESSOR DE ENSINO SUPERIOR;60001603470.jpeg
Deputado Federal;1222;60001603478;MARIA DO ROSÁRIO RAMALHO GARCIA;ROSÂNIA RAMALHO;PDT;SUPLENTE;FEMININO;VETERINÁRIO;60001603478.jpeg
Deputado Federal;1232;60001603465;NATÁLIA SOARES RIOS;NATÁLIA RIOS;PDT;SUPLENTE;FEMININO;PSICÓLOGO;60001603465.jpg
Deputado Federal;1233;60001603485;MARCOS ROBÉRIO RIBEIRO MONTEIRO;ROBÉRIO MONTEIRO;PDT;ELEITO POR QP;MASCULINO;EMPRESÁRIO;60001603485.jpg
Deputado Federal;1234;60001603484;ANDRÉ PEIXOTO FIGUEIREDO LIMA;ANDRÉ FIGUEIREDO;PDT;ELEITO POR QP;MASCULINO;DEPUTADO;60001603484.jpg
Deputado Federal;1251;60001634339;JOSÉ ARNON CRUZ BEZERRA DE MENEZES;ARNON BEZERRA;PDT;SUPLENTE;MASCULINO;MÉDICO;60001634339.jpg
Deputado Federal;1277;60001603487;ADAIL FERNANDES VIEIRA JUNIOR;ADAIL JR;PDT;SUPLENTE;MASCULINO;VEREADOR;60001603487.jpg
Deputado Federal;1292;60001603468;ANA PAULA BRANDÃO DA SILVA FARIAS;ENFERMEIRA ANA PAULA;PDT;SUPLENTE;FEMININO;ENFERMEIRO;60001603468.jpg
Deputado Federal;1299;60001603481;FRANCISCO NILSON ALVES DINIZ;DR NILSON DINIZ;PDT;SUPLENTE;MASCULINO;MÉDICO;60001603481.jpg
Deputado Federal;1303;60001619133;EDNA FRANCISCA DO NASCIMENTO;EDNA ISRAEL;PT;SUPLENTE;FEMININO;OUTROS;60001619133.jpeg
Deputado Federal;1311;60001619134;MARIA DE LOURDES PAZ FELIX;LOURDINHA FELIX;PT;SUPLENTE;FEMININO;SERVIDOR PÚBLICO FEDERAL;60001619134.jpeg
Deputado Federal;1313;60001619128;LUIZIANNE DE OLIVEIRA LINS;LUIZIANNE LINS;PT;ELEITO POR QP;FEMININO;DEPUTADO;60001619128.jpeg
Deputado Federal;1319;60001619135;REJANE PINHEIRO JARDELINO;PROF.  REJANE PINHEIRO;PT;SUPLENTE;FEMININO;PROFESSOR DE ENSINO MÉDIO;60001619135.jpeg
Deputado Federal;1321;60001619125;CHRISTIANNE MARIE AGUIAR COELHO;CHRISTIANNE COELHO;PT;SUPLENTE;FEMININO;OUTROS;60001619125.jpg
Deputado Federal;1322;60001619124;JOSE NOBRE GUIMARAES;GUIMARÃES DO PT;PT;ELEITO POR QP;MASCULINO;DEPUTADO;60001619124.jpeg
Deputado Federal;1323;60001619132;FRANCISCO ANTONIO FERREIRA LOPES;KIM LOPES;PT;SUPLENTE;MASCULINO;OUTROS;60001619132.jpeg
Deputado Federal;1331;60001619129;LEDA VASCONCELOS CARVALHO;LEDA VASCONCELOS;PT;SUPLENTE;FEMININO;APOSENTADO (EXCETO SERVIDOR PÚBLICO);60001619129.jpeg
Deputado Federal;1333;60001619120;JOSE AIRTON FELIX CIRILO DA SILVA;JOSE AIRTON;PT;ELEITO POR MÉDIA;MASCULINO;DEPUTADO;60001619120.jpg
Deputado Federal;1353;60001619121;PAULO EMILIO CORDEIRO CAMPOS;PAULO EMILIO;PT;SUPLENTE;MASCULINO;SERVIDOR PÚBLICO MUNICIPAL;60001619121.jpg
Deputado Federal;1422;60001668481;BENJAMIM BEZERRA DE MENEZES NETO;BENJAMIM BEZERRA;PTB;NÃO ELEITO;MASCULINO;OUTROS;60001668481.jpg
Deputado Federal;1433;60001668470;EDINA NOGUEIRA DE CASTRO ROCHA;EDINA NOGUEIRA;PTB;NÃO ELEITO;FEMININO;OUTROS;60001668470.jpeg
Deputado Federal;1500;60001643117;ÉRICO JOVINO SALES;ÉRICO JOVINO;MDB;SUPLENTE;MASCULINO;SERVIDOR PÚBLICO FEDERAL;60001643117.jpg
Deputado Federal;1511;60001643120;FRANCY AMANDA SOARES CORREIA;DRA FRANCY AMANDA;MDB;SUPLENTE;FEMININO;NUTRICIONISTA E ASSEMELHADOS;60001643120.jpg
Deputado Federal;1512;60001643113;MARIA HENRIQUE DA SILVA SOUSA;NEUSA DO FREI DAMIÃO;MDB;SUPLENTE;FEMININO;OUTROS;60001643113.jpeg
Deputado Federal;1515;60001643130;JOSÉ MOACENY FÉLIX RODRIGUES FILHO;MOACENY FÉLIX;MDB;SUPLENTE;MASCULINO;SERVIDOR PÚBLICO FEDERAL;60001643130.jpeg
Deputado Federal;1520;60001643118;FRANCISCO FABIANO CLAUDIANO DE OLIVEIRA;FRANCISCO FABIANO;MDB;SUPLENTE;MASCULINO;LOCUTOR E COMENTARISTA DE RÁDIO E TELEVISÃO E RADIALISTA;60001643118.jpg
Deputado Federal;1522;60001643127;RONDINELLE PEREIRA DE FREITAS;NELINHO;MDB;SUPLENTE;MASCULINO;DEPUTADO;60001643127.jpg
Deputado Federal;1531;60001643125;JOSÉ ERONILDO NARCISO DA SILVA;ERON NARCISO;MDB;SUPLENTE;MASCULINO;AUXILIAR DE ESCRITÓRIO E ASSEMELHADOS;60001643125.jpeg
Deputado Federal;1533;60001643110;EUNÍCIO LOPES DE OLIVEIRA;EUNÍCIO;MDB;ELEITO POR QP;MASCULINO;EMPRESÁRIO;60001643110.jpg
Deputado Federal;1556;60001643112;LUIZ CLAUDIO ALVES BRITO;DOM CLAUDIO;MDB;SUPLENTE;MASCULINO;APOSENTADO (EXCETO SERVIDOR PÚBLICO);60001643112.jpeg
Deputado Federal;1580;60001643122;CICERO ANTÔNIO PINHEIRO DOS SANTOS;CÍCERO ANIMAL DAS PISTAS;MDB;SUPLENTE;MASCULINO;VENDEDOR PRACISTA, REPRESENTANTE, CAIXEIRO-VIAJANTE E ASSEMELHADOS;60001643122.jpg
Deputado Federal;1588;60001643126;REGINA MAURA VILLELA BARBOZA;REGINA VILLELA;MDB;SUPLENTE;FEMININO;OUTROS;60001643126.jpg
Deputado Federal;1855;60001613068;ANTONIO CLEDMILSON VIEIRA PINHEIRO;CLEDMILSON;REDE;NÃO ELEITO;MASCULINO;APOSENTADO (EXCETO SERVIDOR PÚBLICO);60001613068.jpg
Deputado Federal;1896;60001613074;ADRIANA ALBUQUERQUE DOS SANTOS;ADRIANA DIFERENÇA NA INCLUSÃO;REDE;NÃO ELEITO;FEMININO;PEDAGOGO;60001613074.jpeg
Deputado Federal;1919;60001633783;GILBERTO LINARD ROCHA JÚNIOR;MATHEUS LINARD;PODE;NÃO ELEITO;MASCULINO;OUTROS;60001633783.jpeg
Deputado Federal;2022;60001645841;CINTHIA BELINO OLIVEIRA DA COSTA;DRA CINTHIA BELINO;PSC;NÃO ELEITO;FEMININO;ADVOGADO;60001645841.jpg
Deputado Federal;2100;60001692688;MARIA EDIVANIA VIEIRA DA SILVA;EDIVANIA VIEIRA;PCB;NÃO ELEITO;FEMININO;OUTROS;60001692688.jpg
Deputado Federal;2123;60001692687;FRANCISCO ROBERTO DOS SANTOS;ROBERTO SANTOS;PCB;NÃO ELEITO;MASCULINO;TRABALHADOR DE CONSTRUÇÃO CIVIL;60001692687.jpg
Deputado Federal;2200;60001614165;MAYRA ISABEL CORREIA PINHEIRO;DRA. MAYRA PINHEIRO;PL;SUPLENTE;FEMININO;MÉDICO;60001614165.jpg
Deputado Federal;2210;60001614162;ANTONIO AGINALDO DE OLIVEIRA;CORONEL AGINALDO;PL;SUPLENTE;MASCULINO;MILITAR REFORMADO;60001614162.jpg
Deputado Federal;2211;60001614155;YURY BRUNO ALENCAR ARAÚJO;YURY DO PAREDÃO;PL;ELEITO POR QP;MASCULINO;EMPRESÁRIO;60001614155.jpg
Deputado Federal;2220;60001614159;FRANCISCO DERIVALDO GONÇALVES LIMA;VALDIM GONÇALVES;PL;SUPLENTE;MASCULINO;OUTROS;60001614159.jpg
Deputado Federal;2222;60001614161;ANDRÉ FERNANDES DE MOURA;ANDRÉ FERNANDES;PL;ELEITO POR QP;MASCULINO;DEPUTADO;60001614161.jpg
Deputado Federal;2225;60001614158;FRANCISCO DAS CHAGAS RODRIGUES ALVES;NENEM DA SEFAZ;PL;SUPLENTE;MASCULINO;FISCAL;60001614158.jpg
Deputado Federal;2233;60001614153;MARIA GORETE PEREIRA;GORETE PEREIRA;PL;SUPLENTE;FEMININO;FISIOTERAPEUTA E TERAPEUTA OCUPACIONAL;60001614153.jpg
Deputado Federal;2255;60001614151;ANTONIO LUIZ RODRIGUES MANO JUNIOR;JÚNIOR MANO;PL;ELEITO POR QP;MASCULINO;ADMINISTRADOR;60001614151.jpg
Deputado Federal;2277;60001614163;JAZIEL PEREIRA DE SOUSA;DR JAZIEL;PL;ELEITO POR MÉDIA;MASCULINO;MÉDICO;60001614163.jpg
Deputado Federal;2288;60001614167;PRISCILA BEZERRA DA COSTA;PRISCILA COSTA;PL;ELEITO POR MÉDIA;FEMININO;JORNALISTA E REDATOR;60001614167.jpg
Deputado Federal;2299;60001614168;MATHEUS SOARES NORONHA;MATHEUS NORONHA;PL;ELEITO POR QP;MASCULINO;COMERCIANTE;60001614168.jpg
Deputado Federal;2323;60001723397;MORONI BING TORGAN;MORONI;CIDADANIA;NÃO ELEITO;MASCULINO;SERVIDOR PÚBLICO CIVIL APOSENTADO;60001723397.jpeg
Deputado Federal;3000;60001595308;SAMUEL LIMA PAULO DO RAMO;SAMUEL LIMA;NOVO;NÃO ELEITO;MASCULINO;CONTADOR;60001595308.jpg
Deputado Federal;3355;60001692737;ALDIZIO ALVES BRITO;MISSIONÁRIO ALDIZIO BRITO;PMN;NÃO ELEITO;MASCULINO;APOSENTADO (EXCETO SERVIDOR PÚBLICO);60001692737.jpg
Deputado Federal;3588;60001645994;CARLOS ANTONIO MARTINS MORAIS;CARLOS MARTINS;PMB;NÃO ELEITO;MASCULINO;OUTROS;60001645994.jpg
Deputado Federal;3690;60001712970;VICENTE CLAUDIO DE MOURA;CLAUDIO MOURA;AGIR;NÃO ELEITO;MASCULINO;MOTORISTA DE VEÍCULOS DE TRANSPORTE DE CARGA;60001712970.jpg
Deputado Federal;4000;60001603454;DENIS ANDERSON DA ROCHA BEZERRA;DENIS BEZERRA;PSB;NÃO ELEITO;MASCULINO;EMPRESÁRIO;60001603454.jpg
Deputado Federal;4001;60001603449;MARIA ISLANDIA DA COSTA ROCHA;ISLANDIA ROCHA;PSB;NÃO ELEITO;FEMININO;EMPRESÁRIO;60001603449.jpg
Deputado Federal;4003;60001603453;LEONIDES AZEVEDO CAVALCANTE;LEO AZEVEDO;PSB;NÃO ELEITO;MASCULINO;BIÓLOGO;60001603453.jpeg
Deputado Federal;4029;60001603457;ANDREA MAIA LANDIM;ANDREA LANDIM;PSB;NÃO ELEITO;FEMININO;MÉDICO;60001603457.jpg
Deputado Federal;4077;60001603459;DANIELE PIMENTEL DE OLIVEIRA;DANIELE PIMENTEL;PSB;NÃO ELEITO;FEMININO;ADVOGADO;60001603459.jpg
Deputado Federal;4400;60001608887;LUIZ CARLOS CARDOSO DO NASCIMENTO JUNIOR;LUIZ CARLOS JR;UNIÃO;SUPLENTE;MASCULINO;EMPRESÁRIO;60001608887.jpeg
Deputado Federal;4410;60001608900;CARLOS MATOS LIMA;CARLOS MATOS;UNIÃO;SUPLENTE;MASCULINO;EMPRESÁRIO;60001608900.jpeg
Deputado Federal;4422;60001608899;JULIERME LIMA DE SENA;JULIERME SENA;UNIÃO;SUPLENTE;MASCULINO;VEREADOR;60001608899.jpeg
Deputado Federal;4432;60001608878;MARIA VANESSA SILVA;VANESSA DA CAPONGA;UNIÃO;SUPLENTE;FEMININO;OUTROS;60001608878.jpeg
Deputado Federal;4433;60001608888;AGRIPINO RODRIGUES GOMES MAGALHAES;DR. AGRIPINO MAGALHÃES;UNIÃO;SUPLENTE;MASCULINO;MÉDICO;60001608888.jpeg
Deputado Federal;4441;60001608895;HELIO VENTURA DE OLIVEIRA FILHO;HELIO FILHO;UNIÃO;SUPLENTE;MASCULINO;MOTORISTA DE VEÍCULOS DE TRANSPORTE DE CARGA;60001608895.jpeg
Deputado Federal;4444;60001608890;HEITOR RODRIGO PEREIRA FREIRE;HEITOR FREIRE;UNIÃO;NÃO ELEITO;MASCULINO;DEPUTADO;60001608890.jpg
Deputado Federal;4445;60001608879;DAMIAO SOARES TENORIO;DAMIÃO TENORIO;UNIÃO;SUPLENTE;MASCULINO;SERVIDOR PÚBLICO ESTADUAL;60001608879.jpeg
Deputado Federal;4447;60001608893;FRANCISCO DANILO BASTOS FORTE;DANILO FORTE;UNIÃO;ELEITO POR MÉDIA;MASCULINO;ADVOGADO;60001608893.jpeg
Deputado Federal;4455;60001608892;FRANCISCO VAIDON OLIVEIRA;VAIDON OLIVEIRA;UNIÃO;SUPLENTE;MASCULINO;COMERCIANTE;60001608892.jpeg
Deputado Federal;4456;60001608898;DAYANY BITTENCOURT SANTIL;DAYANY DO CAPITÃO;UNIÃO;SUPLENTE;FEMININO;DONA DE CASA;60001608898.jpeg
Deputado Federal;4477;60001608882;FERNANDA ENEIDA PESSOA CARACAS DE SOUZA;FERNANDA PESSOA;UNIÃO;ELEITO POR QP;FEMININO;DEPUTADO;60001608882.jpeg
Deputado Federal;4490;60001608884;NOELIO DA ROCHA OLIVEIRA;SOLDADO NOELIO;UNIÃO;SUPLENTE;MASCULINO;DEPUTADO;60001608884.jpeg
Deputado Federal;5001;60001613063;JOÃO ALFREDO TELLES MELO;JOÃO ALFREDO;PSOL;NÃO ELEITO;MASCULINO;ADVOGADO;60001613063.jpg
Deputado Federal;5013;60001613067;ADELITTA MONTEIRO NUNES;ADELITA MONTEIRO;PSOL;NÃO ELEITO;FEMININO;ARTESÃO;60001613067.jpg
Deputado Federal;5044;60001613079;ANA LIDIA RODRIGUES LIMA;LÍDIA DO BORA DE RUMA;PSOL;NÃO ELEITO;FEMININO;ARTISTA PLÁSTICO E ASSEMELHADOS;60001613079.jpg
Deputado Federal;5050;60001613070;AILTON CLAÉCIO LOPES DANTAS;AILTON LOPES;PSOL;NÃO ELEITO;MASCULINO;BANCÁRIO E ECONOMIÁRIO;60001613070.jpg
Deputado Federal;5055;60001613061;GABRIEL LIMA DE AGUIAR;GABRIEL BIOLOGIA;PSOL;NÃO ELEITO;MASCULINO;VEREADOR;60001613061.jpg
Deputado Federal;5123;60001619141;ANTONIO GUEDES CAVALCANTE JÚNIOR;JÚNIOR GUEDES;PATRIOTA;NÃO ELEITO;MASCULINO;SERVIDOR PÚBLICO FEDERAL;60001619141.jpg
Deputado Federal;5500;60001601196;NAUMI GOMES DE AMORIM;NAUMI AMORIM;PSD;SUPLENTE;MASCULINO;EMPRESÁRIO;60001601196.jpg
Deputado Federal;5511;60001601189;CÉLIO STUDART BARBOSA;CÉLIO STUDART;PSD;ELEITO POR QP;MASCULINO;DEPUTADO;60001601189.jpeg
Deputado Federal;5512;60001601179;LUCIANO DE MELO SOUSA;LUCIANO MELO;PSD;NÃO ELEITO;MASCULINO;EMPRESÁRIO;60001601179.jpg
Deputado Federal;5515;60001601190;FABIANO MAGALHÃES DE MESQUITA;FABIANO LOBO;PSD;SUPLENTE;MASCULINO;EMPRESÁRIO;60001601190.jpg
Deputado Federal;5517;60001601187;DANIEL VICTOR LIMA GONÇALVES;DANIEL DE NORMANDO;PSD;SUPLENTE;MASCULINO;MÉDICO;60001601187.jpg
Deputado Federal;5522;60001601181;MARCOS ANTONIO MORAES LIMA;MARCOS LIMA;PSD;SUPLENTE;MASCULINO;JORNALISTA E REDATOR;60001601181.jpg
Deputado Federal;5533;60001601188;LUIZ GASTÃO BITTENCOURT DA SILVA;LUIZ GASTÃO;PSD;ELEITO POR MÉDIA;MASCULINO;EMPRESÁRIO;60001601188.jpeg
Deputado Federal;5544;60001601178;PAULO HENRIQUE DA SILVA LEÃO;DR PAULO LEÃO;PSD;SUPLENTE;MASCULINO;MÉDICO;60001601178.jpg
Deputado Federal;5555;60001601183;DOMINGOS GOMES DE AGUIAR NETO;DOMINGOS NETO;PSD;ELEITO POR QP;MASCULINO;DEPUTADO;60001601183.jpg
Deputado Federal;5566;60001601194;KELVYA COSTA ALBUQUERQUE;KELVYA ALBUQUERQUE;PSD;SUPLENTE;FEMININO;EMPRESÁRIO;60001601194.jpg
Deputado Federal;5567;60001601184;GERALDO AMANCIO PEREIRA;POETA GERALDO AMANCIO;PSD;SUPLENTE;MASCULINO;APOSENTADO (EXCETO SERVIDOR PÚBLICO);60001601184.jpg
Deputado Federal;5577;60001601185;MARIA JOSÉ MAIA;DRA MAZÉ MAIA;PSD;SUPLENTE;FEMININO;ADVOGADO;60001601185.jpg
Deputado Federal;5578;60001601180;JAQUELINE ALVES DANTAS;JAQUELINE DANTAS;PSD;SUPLENTE;FEMININO;COMERCIANTE;60001601180.jpg
Deputado Federal;5588;60001601192;FRANCISCA ELIANE BRAZ DE CARVALHO;ELIANE BRAZ;PSD;SUPLENTE;FEMININO;ASSISTENTE SOCIAL;60001601192.jpg
Deputado Federal;6565;60001619126;INÁCIO FRANCISCO DE ASSIS NUNES ARRUDA;INÁCIO ARRUDA;PC do B;SUPLENTE;MASCULINO;SERVIDOR PÚBLICO CIVIL APOSENTADO;60001619126.jpg
Deputado Federal;7011;60001634106;MARCOS ANTÔNIO DE ARAÚJO MENDONÇA;DR MARCOS;AVANTE;NÃO ELEITO;MASCULINO;ADVOGADO;60001634106.jpg
Deputado Federal;7013;60001634105;JOSÉ WILSON DE MELO;DR. WILSON MELO;AVANTE;NÃO ELEITO;MASCULINO;ADVOGADO;60001634105.jpeg
Deputado Federal;7040;60001634087;FRANCISCO ANTÔNIO PEREIRA GOMES;CHICO ANTÔNIO;AVANTE;NÃO ELEITO;MASCULINO;AGENTE ADMINISTRATIVO;60001634087.jpeg
Deputado Federal;7070;60001634090;JOSÉ ALEXANDRE OLIVEIRA SOBREIRA;ALEXANDRE SOBREIRA;AVANTE;NÃO ELEITO;MASCULINO;TÉCNICO DE LABORATÓRIO E RAIOS X;60001634090.jpg
Deputado Federal;7089;60001634102;JOÃO VERÍSSIMO DE MORAIS NETO;JOÃO NETO CARTÓRIO;AVANTE;NÃO ELEITO;MASCULINO;TABELIÃO;60001634102.jpg
Deputado Federal;8080;60001634340;LINIK SUED CARVALHO DA MOTA;SUED CARVALHO;UP;NÃO ELEITO;MASCULINO;PROFESSOR DE ENSINO MÉDIO;60001634340.jpg
Governador;12;60001612926;ROBERTO CLÁUDIO RODRIGUES BEZERRA;ROBERTO CLÁUDIO;PDT;NÃO ELEITO;MASCULINO;MÉDICO;60001612926.jpg
Governador;13;60001633585;ELMANO DE FREITAS DA COSTA;ELMANO DE FREITAS;PT;ELEITO;MASCULINO;DEPUTADO;60001633585.jpeg
Governador;16;60001608950;JOSÉ BATISTA NETO;ZÉ BATISTA;PSTU;NÃO ELEITO;MASCULINO;TRABALHADOR DE CONSTRUÇÃO CIVIL;60001608950.jpeg
Governador;21;60001692640;FRANCISCO RAIMUNDO MALTA DE ARAÚJO;CHICO MALTA;PCB;NÃO ELEITO;MASCULINO;ADVOGADO;60001692640.jpg
Governador;44;60001608845;WAGNER SOUSA GOMES;CAPITÃO WAGNER;UNIÃO;NÃO ELEITO;MASCULINO;DEPUTADO;60001608845.jpeg
Governador;80;60001634109;SERLEY DE SOUSA LEAL;SERLEY LEAL;UP;NÃO ELEITO;MASCULINO;BANCÁRIO E ECONOMIÁRIO;60001634109.jpg
Presidente;12;280001612393;CIRO FERREIRA GOMES;CIRO GOMES;PDT;NÃO ELEITO;MASCULINO;ADVOGADO;280001612393.jpg
Presidente;13;280001607829;LUIZ INÁCIO LULA DA SILVA;LULA;PT;2º TURNO;MASCULINO;TORNEIRO MECÂNICO;280001607829.jpg
Presidente;14;280001734029;KELMON LUIS DA SILVA SOUZA;PADRE KELMON;PTB;NÃO ELEITO;MASCULINO;SACERDOTE OU MEMBRO DE ORDEM OU SEITA RELIGIOSA;280001734029.jpeg
Presidente;15;280001607833;SIMONE NASSAR TEBET;SIMONE TEBET;MDB;NÃO ELEITO;FEMININO;ADVOGADO;280001607833.jpg
Presidente;16;280001607831;VERA LUCIA PEREIRA DA SILVA SALGADO;VERA;PSTU;NÃO ELEITO;FEMININO;OUTROS;280001607831.jpg
Presidente;21;280001600167;SOFIA PADUA MANZANO;SOFIA MANZANO;PCB;NÃO ELEITO;FEMININO;SERVIDOR PÚBLICO ESTADUAL;280001600167.jpeg
Presidente;22;280001618036;JAIR MESSIAS BOLSONARO;JAIR BOLSONARO;PL;2º TURNO;MASCULINO;PRESIDENTE DA REPÚBLICA;280001618036.jpeg
Presidente;30;280001603612;LUIZ FELIPE CHAVES D AVILA;FELIPE D AVILA;NOVO;NÃO ELEITO;MASCULINO;CIENTISTA POLÍTICO;280001603612.jpg
Presidente;44;280001644128;SORAYA VIEIRA THRONICKE;SORAYA THRONICKE;UNIÃO;NÃO ELEITO;FEMININO;SENADOR;280001644128.jpg
Senador;131;60001633582;CAMILO SOBREIRA DE SANTANA;CAMILO;PT;ELEITO;MASCULINO;AGRÔNOMO;60001633582.jpg
Senador;555;60001731829;ERIKA GONÇALVES AMORIM;ERIKA AMORIM;PSD;NÃO ELEITO;FEMININO;ADMINISTRADOR;60001731829.jpg
Senador;700;60001633970;KAMILA CARDOSO DE SOUZA RIBEIRO;KAMILA CARDOSO;AVANTE;NÃO ELEITO;FEMININO;ADVOGADO;60001633970.jpeg
